331
188
175
218
203
190
189
171
175
195
187
199
206
593
161
186
175
201
181
185
152
168
170
156
154
188
166
166
174
182
173
176
157
169
189
243
181
176
192
181
193
167
186
172
176
856
192
160
183
164
177
162
161
173
201
173
160
175
174
178
169
169
341
169
428
163
161
184
156
168
164
178
172
167
187
164
179
181
176
179
164
194
169
284
203
126
182
282
141
172
190
176
242
188
176
129
180
175
188
165
169
180
182
177
193
138
192
187
121
183
167
165
167
134
205
215
313
239
170
168
187
185
187
232
196
194
178
166
195
157
171
173
171
200
194
189
193
179
192
170
461
187
167
174
177
176
167
173
186
167
255
182
168
186
185
158
168
189
184
171
176
178
185
140
170
173
175
188
166
225
205
207
194
176
210
196
196
195
227
225
184
165
198
185
206
237
187
192
235
188
208
220
190
205
200
208
217
189
263
197
187
182
198
195
186
183
195
175
195
191
193
160
446
166
187
166
162
179
173
169
164
180
180
164
163
208
157
158
165
190
166
177
164
162
167
176
177
156
172
188
169
176
167
253
167
168
200
171
188
160
178
176
164
193
174
158
169
163
177
156
176
171
179
190
178
119
173
138
185
169
163
181
167
174
172
177
186
234
190
176
176
204
165
177
162
191
165
208
175
177
186
173
174
169
146
192
170
181
165
180
174
198
194
192
170
177
161
165
164
185
188
160
183
191
165
164
188
163
168
184
150
167
161
169
169
162
158
246
186
175
173
167
160
195
188
159
175
164
165
178
174
184
156
166
152
170
157
171
158
422
190
171
169
149
167
167
166
176
175
279
199
185
182
182
197
180
178
183
194
173
218
167
168
174
169
164
192
172
187
175
186
187
177
178
179
148
165
165
335
434
192
181
176
153
161
206
191
193
173
180
232
173
172
175
163
173
181
171
235
174
230
174
174
168
186
174
175
175
177
174
169
291
154
204
194
171
162
179
164
191
173
224
195
177
173
190
186
152
195
168
182
169
190
175
168
179
173
178
171
189
170
185
189
165
183
167
185
163
182
118
186
224
178
192
344
342
178
161
169
155
180
155
172
195
183
167
171
180
152
151
170
190
173
169
166
165
154
172
176
160
198
163
211
170
171
194
195
178
177
158
183
158
203
192
176
183
157
176
180
175
183
163
221
162
195
186
158
183
164
163
169
178
173
311
778
199
183
160
171
203
179
172
153
180
158
166
154
170
149
174
276
257
179
181
166
170
179
173
163
174
176
155
170
174
162
168
171
188
158
165
198
172
181
206
169
197
175
193
162
182
175
163
162
167
289
174
166
189
188
151
169
155
191
194
182
185
188
168
156
169
123
166
153
186
201
202
185
179
179
153
176
186
191
214
172
159
184
170
167
177
159
184
187
205
169
195
247
178
176
169
189
185
162
179
178
175
190
176
323
174
174
172
161
169
160
177
178
177
161
157
167
160
168
161
162
158
198
162
198
171
168
175
161
166
185
171
168
156
178
171
176
178
250
174
180
192
157
173
176
157
175
174
189
185
162
178
173
164
168
195
199
181
178
332
183
175
181
161
184
157
174
174
176
172
186
183
169
178
201
172
166
171
132
172
185
473
201
214
165
175
167
164
169
178
500
774
170
179
305
169
179
164
173
168
185
126
159
162
176
191
180
154
148
173
176
160
1183
170
176
159
216
166
171
180
164
167
179
179
159
172
173
169
168
168
179
186
172
200
171
178
157
172
158
166
454
172
166
167
163
169
162
180
174
167
176
164
165
181
159
162
193
168
143
172
174
151
173
165
177
196
174
165
175
177
204
198
224
312
174
235
