420
233
187
172
161
181
187
171
195
182
168
158
151
172
178
171
169
171
177
162
157
176
177
198
191
180
177
206
184
170
177
182
185
188
205
182
154
182
184
177
173
158
165
178
168
172
178
184
178
181
178
171
189
158
193
180
196
178
182
158
174
181
213
187
168
171
167
178
194
196
162
163
193
172
183
205
250
175
183
161
183
180
179
160
541
166
168
180
166
174
114
170
161
138
180
156
166
186
166
167
165
161
153
169
171
161
132
173
453
188
170
189
225
184
180
131
184
180
313
180
131
209
188
176
165
170
189
168
179
159
184
156
184
172
195
178
177
174
197
180
169
160
170
173
297
179
176
170
176
161
171
155
174
189
156
168
176
118
197
168
205
185
180
144
185
180
170
251
175
173
178
185
160
165
152
161
209
181
164
172
189
169
183
154
178
169
177
188
147
172
187
156
169
195
147
188
177
164
233
176
604
186
171
186
198
164
196
202
242
168
176
206
168
167
169
177
193
199
216
181
168
277
186
176
187
176
173
171
182
268
205
167
168
152
187
170
198
188
174
180
173
186
285
172
201
175
191
177
174
169
179
181
180
186
169
169
178
155
155
187
171
172
171
180
157
162
181
168
241
272
184
176
147
175
182
150
187
237
188
169
168
169
183
174
182
161
180
162
176
174
177
1181
178
162
186
158
174
206
220
610
160
176
150
172
174
170
129
163
223
217
181
183
212
176
181
160
173
177
181
174
208
169
179
182
181
196
190
205
280
192
146
180
154
172
186
177
170
163
159
166
179
177
163
157
169
226
187
174
175
181
176
170
166
158
177
168
172
174
161
171
167
170
168
171
164
161
189
188
179
195
218
162
182
184
136
178
160
172
170
190
153
156
189
160
158
179
175
192
165
172
170
207
179
174
161
165
185
157
164
179
195
180
170
189
174
176
344
365
164
163
195
301
174
157
172
220
173
181
159
171
177
165
175
207
165
182
189
167
183
198
168
267
193
170
178
201
185
174
176
170
167
173
151
157
174
174
177
179
160
175
155
164
165
179
169
184
166
165
158
195
165
152
165
199
204
166
177
180
182
180
163
189
187
172
169
449
159
178
158
172
162
169
179
171
200
303
192
184
186
188
192
187
199
177
158
163
188
170
181
185
182
160
178
190
168
185
250
179
159
176
174
190
190
191
171
169
363
165
179
170
220
176
183
346
204
199
170
186
188
181
165
210
173
180
186
158
310
186
184
190
335
183
192
184
175
179
181
186
170
184
187
189
194
180
169
156
172
199
177
177
176
185
164
163
157
190
196
181
192
176
181
176
320
194
162
171
176
192
173
160
167
192
322
179
203
354
172
178
161
179
171
177
172
181
181
182
193
153
177
180
183
169
187
166
178
274
246
184
149
157
174
159
160
179
134
352
179
119
203
165
167
186
173
185
184
182
168
170
181
173
172
178
180
175
162
179
166
166
175
169
157
180
169
166
177
167
160
189
174
165
158
174
180
178
156
167
198
181
167
175
163
203
171
188
164
182
170
180
174
204
169
177
178
152
172
164
212
153
164
479
175
166
171
163
159
185
190
182
207
249
177
162
160
192
184
168
172
173
162
170
181
170
172
192
158
206
188
173
154
167
169
166
157
159
192
171
187
169
162
175
156
186
189
249
164
174
189
165
162
156
306
395
179
175
177
181
153
189
219
176
188
167
165
158
158
172
192
186
203
171
170
171
191
219
176
316
340
174
192
165
164
173
147
164
159
176
188
173
173
164
183
156
197
182
175
187
186
165
191
193
173
170
180
184
176
207
186
181
183
198
308
173
193
175
188
190
182
193
936
1190
