298
105
116
91
99
114
121
143
100
94
131
199
101
101
90
112
122
114
112
100
334
107
107
100
94
114
110
112
114
102
104
101
97
90
94
96
176
124
142
103
108
108
92
100
120
94
95
140
100
82
124
96
117
96
237
89
95
92
86
98
93
83
95
120
755
99
93
83
95
91
101
98
93
93
104
109
100
98
99
111
108
191
123
214
241
103
96
111
93
95
190
100
125
92
95
108
108
94
103
131
85
99
94
100
146
121
116
97
115
243
103
201
115
106
102
90
101
93
98
103
139
106
101
103
87
177
166
124
106
133
99
104
101
95
103
96
120
100
100
152
120
108
192
119
91
98
90
95
117
103
110
99
89
92
107
136
108
113
94
98
190
104
96
90
94
243
110
109
136
118
103
195
115
119
134
232
83
82
86
103
106
147
141
102
110
100
112
95
107
95
110
111
164
146
94
95
102
101
88
102
103
104
90
97
95
101
92
100
100
113
87
179
134
99
103
95
90
85
104
160
93
111
101
86
83
95
90
93
103
208
126
100
172
185
160
97
87
92
108
83
96
113
88
90
88
102
116
113
91
94
111
103
110
99
94
92
95
97
95
239
108
100
124
175
149
102
86
95
109
96
89
99
97
250
100
107
98
89
91
94
167
183
96
99
102
108
90
84
102
95
95
91
140
84
84
102
104
106
88
104
119
89
104
104
110
94
110
99
114
106
110
104
125
123
100
107
101
109
120
96
123
87
93
89
90
104
116
98
99
85
247
91
90
103
102
132
103
95
100
93
89
103
95
92
144
104
131
125
159
233
123
176
118
96
96
94
94
101
86
113
88
155
78
101
92
108
86
92
100
85
81
87
84
96
106
93
85
97
105
100
92
107
100
93
109
130
201
90
90
101
225
108
104
105
102
98
113
101
102
108
104
111
94
100
100
105
98
107
175
89
237
107
105
157
115
113
84
83
82
96
88
90
87
95
173
136
104
95
256
257
370
118
108
85
97
335
98
95
103
94
111
110
112
87
160
200
93
97
102
103
114
91
106
108
116
102
97
93
90
122
117
183
198
113
89
115
114
119
87
103
106
99
101
117
117
164
110
100
110
114
93
92
94
116
85
106
106
446
89
95
111
93
97
86
765
86
89
89
82
93
109
93
101
93
79
89
99
90
83
187
130
191
106
109
110
94
105
170
90
126
113
101
87
113
250
102
101
106
104
90
97
115
154
134
225
118
108
105
83
98
112
119
110
110
118
101
116
103
102
94
105
94
105
103
156
108
110
113
199
90
102
102
85
101
116
111
99
102
102
104
101
102
102
101
98
207
108
419
92
99
99
99
92
91
99
89
117
404
93
103
126
113
94
97
115
96
112
123
100
84
79
93
100
92
80
96
99
102
267
117
129
93
90
97
99
98
96
190
93
93
123
90
99
170
163
86
99
114
99
90
99
112
85
96
99
95
90
100
313
197
279
101
105
151
299
87
89
102
94
94
85
86
103
98
149
83
92
112
102
97
109
175
108
97
103
106
133
87
102
88
91
97
97
87
221
97
105
95
92
108
108
125
108
127
110
102
107
89
112
92
91
244
89
88
87
85
88
81
83
92
92
106
99
93
110
98
94
103
416
141
129
99
89
88
91
103
105
99
109
104
94
103
237
703
587
359
506
1221
362
88
85
88
88
112
99
95
82
91
93
86
90
115
111
141
103
98
108
107
90
99
94
90
91
106
102
114
114
90
157
97
106
86
250
100
106
91
138
79
89
104
93
80
93
96
185
115
95
109
91
104
112
89
87
79
95
100
102
144
80
231
95
109
84
95
117
100
90
98
93
101
